Grid: 200 x 200
numProcs: 3
Left: 10.0
Top: 10.0
Right: 800.0
Bottom: 800.0
Epsilon: 0.1
runtime: 0 seconds, 212386 microseconds
0.0000 10.0000 10.0000 10.0000 10.0000 10.0000 10.0000 10.0000 10.0000 10.0000 10.0000 10.0000 10.0000 10.0000 10.0000 10.0000 10.0000 10.0000 10.0000 10.0000 10.0000 10.0000 10.0000 10.0000 10.0000 10.0000 10.0000 10.0000 10.0000 10.0000 10.0000 10.0000 10.0000 10.0000 10.0000 10.0000 10.0000 10.0000 10.0000 10.0000 10.0000 10.0000 10.0000 10.0000 10.0000 10.0000 10.0000 10.0000 10.0000 10.0000 10.0000 10.0000 10.0000 10.0000 10.0000 10.0000 10.0000 10.0000 10.0000 10.0000 10.0000 10.0000 10.0000 10.0000 10.0000 10.0000 10.0000 10.0000 10.0000 10.0000 10.0000 10.0000 10.0000 10.0000 10.0000 10.0000 10.0000 10.0000 10.0000 10.0000 10.0000 10.0000 10.0000 10.0000 10.0000 10.0000 10.0000 10.0000 10.0000 10.0000 10.0000 10.0000 10.0000 10.0000 10.0000 10.0000 10.0000 10.0000 10.0000 10.0000 10.0000 10.0000 10.0000 10.0000 10.0000 10.0000 10.0000 10.0000 10.0000 10.0000 10.0000 10.0000 10.0000 10.0000 10.0000 10.0000 10.0000 10.0000 10.0000 10.0000 10.0000 10.0000 10.0000 10.0000 10.0000 10.0000 10.0000 10.0000 10.0000 10.0000 10.0000 10.0000 10.0000 10.0000 10.0000 10.0000 10.0000 10.0000 10.0000 10.0000 10.0000 10.0000 10.0000 10.0000 10.0000 10.0000 10.0000 10.0000 10.0000 10.0000 10.0000 10.0000 10.0000 10.0000 10.0000 10.0000 10.0000 10.0000 10.0000 10.0000 10.0000 10.0000 10.0000 10.0000 10.0000 10.0000 10.0000 10.0000 10.0000 10.0000 10.0000 10.0000 10.0000 10.0000 10.0000 10.0000 10.0000 10.0000 10.0000 10.0000 10.0000 10.0000 10.0000 10.0000 10.0000 10.0000 10.0000 10.0000 10.0000 10.0000 10.0000 10.0000 10.0000 10.0000 10.0000 10.0000 10.0000 10.0000 10.0000 10.0000 10.0000 0.0000 
10.0000 9.9933 9.9865 9.9798 9.9731 9.9664 9.9598 9.9532 9.9466 9.9401 9.9337 9.9273 9.9210 9.9148 9.9087 9.9026 9.8967 9.8908 9.8851 9.8795 9.8740 9.8686 9.8633 9.8581 9.8531 9.8482 9.8434 9.8387 9.8342 9.8298 9.8256 9.8214 9.8175 9.8136 9.8099 9.8063 9.8028 9.7995 9.7963 9.7932 9.7903 9.7874 9.7847 9.7821 9.7797 9.7773 9.7750 9.7729 9.7709 9.7689 9.7671 9.7653 9.7637 9.7621 9.7607 9.7593 9.7580 9.7567 9.7556 9.7545 9.7535 9.7525 9.7516 9.7508 9.7500 9.7493 9.7486 9.7480 9.7475 9.7470 9.7465 9.7461 9.7457 9.7454 9.7451 9.7449 9.7447 9.7445 9.7444 9.7444 9.7444 9.7444 9.7445 9.7446 9.7449 9.7451 9.7455 9.7459 9.7464 9.7470 9.7477 9.7485 9.7494 9.7505 9.7517 9.7531 9.7546 9.7564 9.7583 9.7605 9.7630 9.7657 9.7688 9.7722 9.7760 9.7803 9.7850 9.7902 9.7960 9.8024 9.8094 9.8172 9.8258 9.8353 9.8458 9.8573 9.8699 9.8837 9.8989 9.9155 9.9337 9.9536 9.9753 9.9990 10.0248 10.0529 10.0835 10.1167 10.1528 10.1920 10.2344 10.2804 10.3302 10.3839 10.4420 10.5047 10.5723 10.6451 10.7235 10.8078 10.8984 10.9957 11.1001 11.2120 11.3320 11.4604 11.5978 11.7446 11.9016 12.0692 12.2480 12.4388 12.6421 12.8587 13.0894 13.3350 13.5963 13.8742 14.1697 14.4839 14.8178 15.1727 15.5499 15.9507 16.3767 16.8295 17.3111 17.8233 18.3685 18.9490 19.5678 20.2279 20.9328 21.6866 22.4939 23.3599 24.2906 25.2933 26.3762 27.5492 28.8240 30.2146 31.7380 33.4151 35.2716 37.3396 39.6601 42.2856 45.2848 48.7494 52.8045 57.6255 63.4651 70.7027 79.9322 92.1385 109.0713 134.1222 174.5991 248.3081 404.7267 800.0000 
10.0000 9.9865 9.9730 9.9596 9.9462 9.9328 9.9195 9.9064 9.8933 9.8803 9.8674 9.8547 9.8421 9.8297 9.8174 9.8054 9.7935 9.7818 9.7703 9.7591 9.7480 9.7372 9.7267 9.7164 9.7063 9.6965 9.6869 9.6776 9.6686 9.6598 9.6513 9.6431 9.6351 9.6274 9.6200 9.6128 9.6059 9.5992 9.5928 9.5866 9.5807 9.5751 9.5697 9.5645 9.5596 9.5548 9.5503 9.5461 9.5420 9.5381 9.5344 9.5309 9.5276 9.5245 9.5216 9.5188 9.5162 9.5137 9.5114 9.5092 9.5072 9.5053 9.5035 9.5018 9.5003 9.4989 9.4975 9.4963 9.4952 9.4942 9.4933 9.4924 9.4917 9.4910 9.4905 9.4900 9.4896 9.4893 9.4891 9.4890 9.4890 9.4891 9.4893 9.4896 9.4900 9.4905 9.4912 9.4921 9.4931 9.4943 9.4957 9.4973 9.4992 9.5013 9.5037 9.5064 9.5095 9.5130 9.5169 9.5213 9.5262 9.5317 9.5378 9.5447 9.5523 9.5608 9.5702 9.5806 9.5921 9.6049 9.6191 9.6347 9.6519 9.6708 9.6917 9.7146 9.7398 9.7675 9.7978 9.8310 9.8674 9.9071 9.9505 9.9978 10.0494 10.1056 10.1667 10.2332 10.3053 10.3836 10.4684 10.5603 10.6597 10.7672 10.8832 11.0085 11.1436 11.2891 11.4457 11.6142 11.7952 11.9896 12.1982 12.4219 12.6615 12.9181 13.1926 13.4861 13.7996 14.1345 14.4918 14.8728 15.2790 15.7117 16.1726 16.6631 17.1850 17.7401 18.3303 18.9577 19.6246 20.3333 21.0863 21.8866 22.7370 23.6410 24.6021 25.6244 26.7123 27.8707 29.1052 30.4218 31.8276 33.3306 34.9398 36.6655 38.5198 40.5167 42.6725 45.0065 47.5418 50.3057 53.3314 56.6596 60.3400 64.4350 69.0231 74.2048 80.1110 86.9146 94.8493 104.2376 115.5375 129.4178 146.8915 169.5537 200.0275 242.8207 305.9677 403.9078 560.5991 800.0000 
10.0000 9.9798 9.9596 9.9394 9.9193 9.8993 9.8794 9.8597 9.8400 9.8206 9.8013 9.7822 9.7634 9.7448 9.7264 9.7083 9.6905 9.6730 9.6558 9.6389 9.6224 9.6062 9.5904 9.5749 9.5598 9.5451 9.5308 9.5169 9.5033 9.4902 9.4774 9.4651 9.4531 9.4416 9.4304 9.4197 9.4093 9.3993 9.3897 9.3805 9.3717 9.3632 9.3551 9.3473 9.3399 9.3328 9.3261 9.3197 9.3136 9.3078 9.3023 9.2970 9.2921 9.2874 9.2830 9.2788 9.2749 9.2712 9.2677 9.2645 9.2614 9.2586 9.2559 9.2534 9.2511 9.2490 9.2470 9.2452 9.2435 9.2420 9.2406 9.2393 9.2382 9.2372 9.2364 9.2357 9.2351 9.2346 9.2343 9.2342 9.2341 9.2343 9.2346 9.2350 9.2356 9.2365 9.2375 9.2388 9.2403 9.2421 9.2442 9.2466 9.2494 9.2526 9.2562 9.2603 9.2649 9.2701 9.2760 9.2826 9.2899 9.2982 9.3074 9.3176 9.3290 9.3417 9.3558 9.3714 9.3887 9.4079 9.4290 9.4524 9.4782 9.5066 9.5379 9.5723 9.6100 9.6515 9.6969 9.7467 9.8011 9.8606 9.9256 9.9965 10.0738 10.1580 10.2496 10.3491 10.4572 10.5744 10.7015 10.8392 10.9881 11.1491 11.3229 11.5106 11.7129 11.9308 12.1654 12.4177 12.6889 12.9801 13.2925 13.6275 13.9864 14.3706 14.7816 15.2211 15.6906 16.1920 16.7269 17.2974 17.9055 18.5534 19.2432 19.9774 20.7585 21.5893 22.4726 23.4114 24.4092 25.4694 26.5959 27.7929 29.0647 30.4164 31.8533 33.3814 35.0072 36.7380 38.5820 40.5482 42.6469 44.8899 47.2904 49.8636 52.6272 55.6016 58.8107 62.2825 66.0502 70.1537 74.6407 79.5693 85.0108 91.0534 97.8077 105.4142 114.0535 123.9617 135.4522 148.9494 165.0393 184.5485 208.6703 239.1642 278.6699 331.1700 402.5469 500.7585 633.7632 800.0000 
10.0000 9.9731 9.9462 9.9193 9.8926 9.8659 9.8394 9.8131 9.7870 9.7611 9.7354 9.7100 9.6849 9.6601 9.6356 9.6115 9.5878 9.5645 9.5416 9.5192 9.4972 9.4756 9.4545 9.4339 9.4138 9.3943 9.3752 9.3566 9.3386 9.3211 9.3041 9.2877 9.2717 9.2564 9.2415 9.2272 9.2134 9.2001 9.1873 9.1750 9.1633 9.1520 9.1412 9.1308 9.1210 9.1116 9.1026 9.0940 9.0859 9.0782 9.0708 9.0639 9.0573 9.0511 9.0452 9.0396 9.0344 9.0295 9.0248 9.0205 9.0164 9.0126 9.0091 9.0058 9.0027 8.9998 8.9972 8.9948 8.9926 8.9905 8.9887 8.9870 8.9855 8.9842 8.9831 8.9822 8.9814 8.9808 8.9804 8.9801 8.9801 8.9803 8.9807 8.9813 8.9821 8.9832 8.9846 8.9863 8.9883 8.9907 8.9935 8.9967 9.0004 9.0046 9.0095 9.0149 9.0211 9.0280 9.0358 9.0446 9.0544 9.0653 9.0776 9.0912 9.1064 9.1233 9.1421 9.1629 9.1859 9.2114 9.2396 9.2707 9.3050 9.3428 9.3845 9.4302 9.4805 9.5357 9.5962 9.6624 9.7349 9.8141 9.9006 9.9950 10.0979 10.2099 10.3318 10.4643 10.6081 10.7642 10.9333 11.1165 11.3147 11.5289 11.7603 12.0100 12.2792 12.5692 12.8814 13.2171 13.5779 13.9653 14.3810 14.8266 15.3041 15.8152 16.3620 16.9466 17.5711 18.2378 18.9493 19.7080 20.5166 21.3780 22.2951 23.2712 24.3095 25.4137 26.5876 27.8352 29.1609 30.5694 32.0657 33.6552 35.3439 37.1383 39.0453 41.0729 43.2295 45.5247 47.9691 50.5745 53.3544 56.3239 59.5002 62.9031 66.5551 70.4827 74.7164 79.2920 84.2519 89.6463 95.5357 101.9926 109.1059 116.9844 125.7634 135.6128 146.7479 159.4457 174.0664 191.0850 211.1366 235.0800 264.0890 299.7732 344.3264 400.6496 472.2963 562.8197 673.6968 800.0000 
10.0000 9.9664 9.9328 9.8993 9.8659 9.8327 9.7996 9.7668 9.7341 9.7018 9.6698 9.6381 9.6067 9.5758 9.5453 9.5152 9.4856 9.4565 9.4280 9.3999 9.3724 9.3456 9.3192 9.2936 9.2685 9.2440 9.2202 9.1971 9.1745 9.1527 9.1315 9.1110 9.0911 9.0719 9.0534 9.0355 9.0183 9.0017 8.9858 8.9704 8.9557 8.9417 8.9282 8.9153 8.9030 8.8912 8.8800 8.8693 8.8592 8.8495 8.8404 8.8317 8.8235 8.8157 8.8084 8.8014 8.7949 8.7888 8.7830 8.7776 8.7725 8.7678 8.7633 8.7592 8.7553 8.7518 8.7485 8.7455 8.7427 8.7402 8.7379 8.7358 8.7339 8.7323 8.7309 8.7297 8.7287 8.7280 8.7275 8.7272 8.7272 8.7274 8.7278 8.7286 8.7297 8.7310 8.7328 8.7349 8.7374 8.7404 8.7439 8.7479 8.7525 8.7578 8.7638 8.7706 8.7783 8.7869 8.7967 8.8076 8.8198 8.8335 8.8488 8.8658 8.8847 8.9058 8.9292 8.9552 8.9839 9.0157 9.0509 9.0897 9.1325 9.1797 9.2316 9.2887 9.3514 9.4202 9.4957 9.5783 9.6687 9.7675 9.8754 9.9931 10.1215 10.2612 10.4132 10.5784 10.7578 10.9524 11.1633 11.3918 11.6389 11.9060 12.1946 12.5059 12.8416 13.2032 13.5924 14.0109 14.4607 14.9437 15.4618 16.0173 16.6124 17.2494 17.9309 18.6594 19.4376 20.2684 21.1548 22.1000 23.1072 24.1801 25.3224 26.5379 27.8307 29.2055 30.6667 32.2195 33.8692 35.6215 37.4828 39.4596 41.5592 43.7896 46.1595 48.6782 51.3563 54.2054 57.2383 60.4696 63.9154 67.5939 71.5261 75.7354 80.2492 85.0988 90.3204 95.9567 102.0575 108.6816 115.8993 123.7947 132.4694 142.0471 152.6796 164.5547 177.9072 193.0326 210.3064 230.2097 253.3620 280.5641 312.8478 351.5271 398.2240 454.8149 523.1760 604.5316 698.2068 800.0000 
10.0000 9.9598 9.9195 9.8794 9.8394 9.7996 9.7600 9.7206 9.6816 9.6428 9.6045 9.5665 9.5290 9.4919 9.4554 9.4194 9.3839 9.3491 9.3149 9.2813 9.2484 9.2162 9.1847 9.1539 9.1239 9.0946 9.0661 9.0383 9.0114 8.9852 8.9598 8.9352 8.9115 8.8885 8.8663 8.8448 8.8242 8.8043 8.7853 8.7669 8.7493 8.7324 8.7163 8.7009 8.6861 8.6720 8.6586 8.6458 8.6337 8.6221 8.6111 8.6007 8.5909 8.5816 8.5728 8.5645 8.5567 8.5493 8.5424 8.5359 8.5298 8.5242 8.5189 8.5139 8.5093 8.5050 8.5011 8.4975 8.4941 8.4911 8.4884 8.4859 8.4837 8.4817 8.4800 8.4786 8.4774 8.4766 8.4759 8.4756 8.4755 8.4758 8.4764 8.4773 8.4785 8.4802 8.4823 8.4848 8.4878 8.4914 8.4955 8.5004 8.5059 8.5122 8.5194 8.5275 8.5367 8.5471 8.5587 8.5718 8.5865 8.6028 8.6211 8.6415 8.6642 8.6894 8.7174 8.7485 8.7829 8.8210 8.8631 8.9095 8.9608 9.0172 9.0794 9.1477 9.2228 9.3052 9.3955 9.4944 9.6026 9.7208 9.8500 9.9909 10.1444 10.3117 10.4936 10.6913 10.9059 11.1388 11.3912 11.6645 11.9602 12.2798 12.6250 12.9975 13.3991 13.8316 14.2972 14.7979 15.3359 15.9135 16.5332 17.1975 17.9091 18.6708 19.4856 20.3565 21.2868 22.2799 23.3393 24.4689 25.6726 26.9545 28.3191 29.7710 31.3152 32.9568 34.7014 36.5550 38.5238 40.6147 42.8350 45.1925 47.6959 50.3542 53.1778 56.1776 59.3659 62.7562 66.3634 70.2042 74.2974 78.6640 83.3278 88.3160 93.6595 99.3938 105.5602 112.2062 119.3877 127.1701 135.6306 144.8614 154.9722 166.0954 178.3915 192.0558 207.3278 224.5030 243.9468 266.1127 291.5626 320.9886 355.2310 395.2803 442.2420 497.2214 561.0697 633.9298 714.6016 800.0000 
10.0000 9.9532 9.9064 9.8597 9.8131 9.7668 9.7206 9.6748 9.6294 9.5843 9.5396 9.4954 9.4517 9.4086 9.3661 9.3241 9.2829 9.2423 9.2025 9.1634 9.1251 9.0876 9.0510 9.0151 8.9802 8.9461 8.9129 8.8806 8.8492 8.8188 8.7892 8.7606 8.7329 8.7062 8.6803 8.6554 8.6314 8.6083 8.5860 8.5647 8.5442 8.5246 8.5058 8.4878 8.4706 8.4542 8.4386 8.4237 8.4096 8.3961 8.3834 8.3713 8.3598 8.3490 8.3387 8.3291 8.3200 8.3114 8.3034 8.2958 8.2887 8.2821 8.2759 8.2702 8.2648 8.2599 8.2553 8.2511 8.2472 8.2436 8.2404 8.2375 8.2350 8.2327 8.2307 8.2291 8.2277 8.2267 8.2260 8.2256 8.2255 8.2258 8.2265 8.2275 8.2290 8.2309 8.2333 8.2363 8.2398 8.2440 8.2488 8.2544 8.2608 8.2682 8.2765 8.2860 8.2967 8.3087 8.3223 8.3375 8.3546 8.3736 8.3949 8.4186 8.4450 8.4744 8.5069 8.5431 8.5831 8.6274 8.6763 8.7304 8.7900 8.8557 8.9280 9.0075 9.0948 9.1906 9.2956 9.4107 9.5365 9.6741 9.8243 9.9881 10.1667 10.3612 10.5727 10.8026 11.0522 11.3230 11.6165 11.9343 12.2781 12.6497 13.0510 13.4840 13.9508 14.4536 14.9947 15.5766 16.2019 16.8731 17.5932 18.3651 19.1919 20.0769 21.0234 22.0350 23.1155 24.2688 25.4991 26.8106 28.2080 29.6960 31.2797 32.9645 34.7560 36.6602 38.6836 40.8328 43.1151 45.5383 48.1107 50.8413 53.7398 56.8167 60.0835 63.5526 67.2380 71.1547 75.3195 79.7511 84.4704 89.5009 94.8689 100.6042 106.7410 113.3182 120.3804 127.9793 136.1746 145.0363 154.6461 165.1003 176.5129 189.0193 202.7813 217.9927 234.8864 253.7432 274.9008 298.7645 325.8168 356.6237 391.8307 432.1415 478.2593 530.7728 589.9619 655.5233 726.2732 800.0000 
10.0000 9.9466 9.8933 9.8400 9.7870 9.7341 9.6816 9.6294 9.5775 9.5261 9.4752 9.4248 9.3750 9.3259 9.2774 9.2296 9.1826 9.1364 9.0910 9.0464 9.0028 8.9600 8.9182 8.8774 8.8375 8.7987 8.7609 8.7241 8.6883 8.6536 8.6199 8.5873 8.5557 8.5252 8.4958 8.4673 8.4400 8.4136 8.3883 8.3639 8.3406 8.3182 8.2968 8.2763 8.2567 8.2380 8.2202 8.2033 8.1871 8.1718 8.1573 8.1435 8.1304 8.1181 8.1064 8.0954 8.0850 8.0752 8.0661 8.0575 8.0494 8.0419 8.0348 8.0283 8.0222 8.0165 8.0113 8.0065 8.0020 7.9980 7.9943 7.9911 7.9881 7.9855 7.9833 7.9814 7.9799 7.9787 7.9779 7.9774 7.9773 7.9777 7.9784 7.9796 7.9813 7.9835 7.9863 7.9896 7.9936 7.9983 8.0039 8.0102 8.0175 8.0259 8.0354 8.0462 8.0584 8.0722 8.0876 8.1050 8.1244 8.1461 8.1703 8.1973 8.2274 8.2608 8.2979 8.3391 8.3847 8.4351 8.4909 8.5525 8.6204 8.6952 8.7775 8.8680 8.9675 9.0766 9.1962 9.3272 9.4705 9.6272 9.7982 9.9848 10.1882 10.4096 10.6505 10.9122 11.1964 11.5047 11.8388 12.2006 12.5919 13.0149 13.4717 13.9645 14.4958 15.0680 15.6838 16.3460 17.0574 17.8211 18.6404 19.5184 20.4589 21.4654 22.5418 23.6922 24.9207 26.2318 27.6303 29.1209 30.7089 32.3996 34.1988 36.1124 38.1469 40.3089 42.6056 45.0446 47.6339 50.3823 53.2990 56.3940 59.6780 63.1627 66.8608 70.7861 74.9537 79.3802 84.0840 89.0856 94.4074 100.0749 106.1165 112.5643 119.4547 126.8289 134.7341 143.2244 152.3622 162.2197 172.8804 184.4420 197.0186 210.7439 225.7753 242.2979 260.5299 280.7274 303.1902 328.2658 356.3514 387.8895 423.3541 463.2192 507.9008 557.6645 612.4939 671.9362 734.9720 800.0000 
10.0000 9.9401 9.8803 9.8206 9.7611 9.7018 9.6428 9.5843 9.5261 9.4685 9.4114 9.3549 9.2990 9.2439 9.1895 9.1359 9.0832 9.0313 8.9804 8.9304 8.8814 8.8335 8.7866 8.7408 8.6961 8.6525 8.6101 8.5688 8.5287 8.4898 8.4520 8.4154 8.3800 8.3458 8.3128 8.2809 8.2502 8.2206 8.1922 8.1649 8.1387 8.1136 8.0896 8.0666 8.0446 8.0237 8.0037 7.9847 7.9666 7.9494 7.9331 7.9176 7.9030 7.8891 7.8760 7.8637 7.8520 7.8411 7.8308 7.8211 7.8121 7.8036 7.7957 7.7884 7.7815 7.7752 7.7693 7.7639 7.7590 7.7544 7.7503 7.7466 7.7434 7.7405 7.7379 7.7358 7.7341 7.7328 7.7319 7.7313 7.7313 7.7316 7.7325 7.7338 7.7357 7.7382 7.7413 7.7450 7.7495 7.7548 7.7610 7.7681 7.7763 7.7857 7.7964 7.8085 7.8221 7.8376 7.8549 7.8743 7.8961 7.9204 7.9476 7.9778 8.0115 8.0490 8.0906 8.1367 8.1879 8.2444 8.3069 8.3759 8.4520 8.5358 8.6281 8.7296 8.8410 8.9633 9.0973 9.2441 9.4047 9.5802 9.7719 9.9809 10.2088 10.4568 10.7266 11.0199 11.3382 11.6836 12.0578 12.4630 12.9013 13.3750 13.8865 14.4384 15.0333 15.6740 16.3634 17.1047 17.9011 18.7559 19.6728 20.6555 21.7079 22.8341 24.0384 25.3252 26.6993 28.1657 29.7295 31.3960 33.1712 35.0608 37.0713 39.2093 41.4817 43.8961 46.4602 49.1824 52.0716 55.1373 58.3895 61.8393 65.4982 69.3790 73.4954 77.8622 82.4959 87.4142 92.6368 98.1854 104.0842 110.3599 117.0424 124.1655 131.7671 139.8898 148.5824 157.9003 167.9066 178.6740 190.2859 202.8383 216.4424 231.2265 247.3391 264.9518 284.2623 305.4973 328.9140 354.8008 383.4729 415.2643 450.5084 489.5074 532.4829 579.5087 630.4268 684.7646 741.6833 800.0000 
10.0000 9.9337 9.8674 9.8013 9.7354 9.6698 9.6045 9.5396 9.4752 9.4114 9.3481 9.2855 9.2237 9.1626 9.1024 9.0431 8.9847 8.9272 8.8708 8.8155 8.7613 8.7082 8.6563 8.6055 8.5560 8.5078 8.4608 8.4151 8.3706 8.3275 8.2857 8.2452 8.2060 8.1681 8.1315 8.0962 8.0622 8.0294 7.9980 7.9677 7.9387 7.9109 7.8843 7.8589 7.8346 7.8113 7.7892 7.7682 7.7481 7.7291 7.7110 7.6939 7.6777 7.6623 7.6478 7.6342 7.6213 7.6091 7.5978 7.5871 7.5770 7.5677 7.5589 7.5508 7.5432 7.5362 7.5297 7.5237 7.5182 7.5132 7.5086 7.5046 7.5009 7.4977 7.4949 7.4926 7.4907 7.4892 7.4882 7.4876 7.4875 7.4879 7.4889 7.4904 7.4924 7.4952 7.4986 7.5027 7.5077 7.5136 7.5204 7.5283 7.5374 7.5478 7.5596 7.5730 7.5881 7.6051 7.6243 7.6458 7.6699 7.6968 7.7269 7.7604 7.7977 7.8392 7.8852 7.9362 7.9928 8.0553 8.1245 8.2008 8.2850 8.3778 8.4799 8.5921 8.7154 8.8507 8.9990 9.1613 9.3390 9.5331 9.7451 9.9763 10.2283 10.5027 10.8011 11.1254 11.4774 11.8593 12.2731 12.7211 13.2057 13.7294 14.2948 14.9049 15.5624 16.2705 17.0325 17.8517 18.7316 19.6762 20.6891 21.7747 22.9371 24.1809 25.5108 26.9316 28.4487 30.0673 31.7932 33.6323 35.5907 37.6752 39.8924 42.2498 44.7548 47.4156 50.2406 53.2390 56.4202 59.7946 63.3730 67.1671 71.1894 75.4536 79.9741 84.7669 89.8493 95.2400 100.9598 107.0314 113.4799 120.3333 127.6225 135.3821 143.6508 152.4721 161.8951 171.9753 182.7756 194.3673 206.8316 220.2611 234.7614 250.4525 267.4714 285.9728 306.1316 328.1426 352.2211 378.5990 407.5196 439.2260 473.9429 511.8492 553.0402 597.4809 644.9552 695.0226 747.0018 800.0000 
10.0000 9.9273 9.8547 9.7822 9.7100 9.6381 9.5665 9.4954 9.4248 9.3549 9.2855 9.2170 9.1492 9.0823 9.0162 8.9512 8.8872 8.8243 8.7625 8.7018 8.6424 8.5842 8.5273 8.4717 8.4174 8.3645 8.3130 8.2629 8.2142 8.1670 8.1211 8.0767 8.0338 7.9922 7.9521 7.9134 7.8762 7.8403 7.8058 7.7727 7.7409 7.7104 7.6812 7.6533 7.6267 7.6013 7.5770 7.5539 7.5320 7.5111 7.4913 7.4725 7.4547 7.4379 7.4220 7.4071 7.3929 7.3797 7.3672 7.3554 7.3445 7.3342 7.3246 7.3157 7.3074 7.2997 7.2925 7.2860 7.2800 7.2745 7.2695 7.2650 7.2610 7.2575 7.2545 7.2519 7.2498 7.2482 7.2471 7.2464 7.2463 7.2468 7.2478 7.2494 7.2517 7.2547 7.2584 7.2630 7.2684 7.2749 7.2823 7.2910 7.3010 7.3123 7.3253 7.3399 7.3565 7.3752 7.3962 7.4197 7.4461 7.4756 7.5085 7.5452 7.5860 7.6314 7.6818 7.7377 7.7996 7.8682 7.9439 8.0275 8.1196 8.2212 8.3330 8.4559 8.5908 8.7389 8.9012 9.0790 9.2734 9.4859 9.7179 9.9710 10.2468 10.5471 10.8736 11.2285 11.6137 12.0315 12.4843 12.9744 13.5046 14.0775 14.6960 15.3633 16.0824 16.8569 17.6901 18.5858 19.5479 20.5805 21.6878 22.8743 24.1447 25.5038 26.9568 28.5091 30.1661 31.9339 33.8184 35.8262 37.9639 40.2386 42.6578 45.2292 47.9610 50.8618 53.9408 57.2076 60.6725 64.3464 68.2408 72.3681 76.7416 81.3756 86.2854 91.4876 97.0003 102.8432 109.0375 115.6069 122.5771 129.9766 137.8370 146.1933 155.0843 164.5536 174.6498 185.4276 196.9480 209.2801 222.5016 236.6996 251.9726 268.4305 286.1969 305.4084 326.2161 348.7840 373.2873 399.9085 428.8296 460.2214 494.2270 530.9398 570.3757 612.4421 656.9074 703.3801 751.3071 800.0000 
10.0000 9.9210 9.8421 9.7634 9.6849 9.6067 9.5290 9.4517 9.3750 9.2990 9.2237 9.1492 9.0755 9.0028 8.9311 8.8604 8.7909 8.7225 8.6553 8.5894 8.5249 8.4616 8.3998 8.3394 8.2804 8.2230 8.1670 8.1126 8.0597 8.0083 7.9585 7.9102 7.8636 7.8184 7.7749 7.7328 7.6923 7.6533 7.6159 7.5799 7.5453 7.5122 7.4805 7.4502 7.4213 7.3936 7.3673 7.3422 7.3183 7.2956 7.2741 7.2537 7.2344 7.2161 7.1989 7.1826 7.1673 7.1528 7.1392 7.1265 7.1146 7.1034 7.0930 7.0833 7.0743 7.0659 7.0582 7.0511 7.0445 7.0385 7.0331 7.0283 7.0239 7.0201 7.0168 7.0140 7.0117 7.0100 7.0087 7.0081 7.0080 7.0084 7.0096 7.0113 7.0138 7.0170 7.0211 7.0260 7.0319 7.0389 7.0470 7.0564 7.0672 7.0796 7.0936 7.1096 7.1275 7.1478 7.1706 7.1962 7.2248 7.2568 7.2926 7.3324 7.3767 7.4260 7.4807 7.5414 7.6086 7.6830 7.7652 7.8559 7.9559 8.0662 8.1875 8.3208 8.4673 8.6280 8.8042 8.9970 9.2080 9.4386 9.6904 9.9649 10.2642 10.5899 10.9441 11.3291 11.7469 12.2001 12.6911 13.2227 13.7976 14.4189 15.0896 15.8130 16.5926 17.4321 18.3353 19.3061 20.3488 21.4677 22.6674 23.9529 25.3290 26.8010 28.3746 30.0553 31.8492 33.7627 35.8022 37.9746 40.2872 42.7475 45.3633 48.1430 51.0954 54.2295 57.5550 61.0822 64.8219 68.7856 72.9853 77.4342 82.1460 87.1356 92.4191 98.0136 103.9376 110.2115 116.8570 123.8982 131.3613 139.2748 147.6706 156.5835 166.0519 176.1189 186.8318 198.2434 210.4126 223.4049 237.2930 252.1580 268.0898 285.1875 303.5603 323.3267 344.6146 367.5592 392.3002 418.9773 447.7227 478.6512 511.8464 547.3440 585.1117 625.0292 666.8708 710.2958 754.8525 800.0000 
10.0000 9.9148 9.8297 9.7448 9.6601 9.5758 9.4919 9.4086 9.3259 9.2439 9.1626 9.0823 9.0028 8.9244 8.8470 8.7708 8.6958 8.6220 8.5495 8.4785 8.4088 8.3406 8.2739 8.2088 8.1452 8.0832 8.0228 7.9641 7.9070 7.8516 7.7979 7.7459 7.6955 7.6468 7.5998 7.5545 7.5108 7.4688 7.4283 7.3895 7.3522 7.3165 7.2823 7.2496 7.2184 7.1886 7.1602 7.1331 7.1074 7.0829 7.0597 7.0377 7.0169 6.9972 6.9785 6.9610 6.9444 6.9289 6.9142 6.9005 6.8876 6.8756 6.8643 6.8539 6.8441 6.8351 6.8268 6.8191 6.8120 6.8056 6.7998 6.7945 6.7898 6.7857 6.7821 6.7791 6.7767 6.7748 6.7734 6.7727 6.7726 6.7731 6.7743 6.7762 6.7789 6.7824 6.7867 6.7921 6.7984 6.8059 6.8147 6.8248 6.8365 6.8498 6.8649 6.8821 6.9015 6.9233 6.9479 6.9754 7.0063 7.0408 7.0793 7.1222 7.1700 7.2231 7.2821 7.3475 7.4199 7.5000 7.5885 7.6863 7.7941 7.9128 8.0435 8.1872 8.3450 8.5181 8.7078 8.9156 9.1429 9.3912 9.6623 9.9580 10.2803 10.6310 11.0125 11.4269 11.8768 12.3647 12.8933 13.4656 14.0844 14.7530 15.4749 16.2534 17.0923 17.9956 18.9672 20.0116 21.1331 22.3365 23.6268 25.0089 26.4884 28.0708 29.7621 31.5682 33.4958 35.5513 37.7418 40.0747 42.5575 45.1982 48.0053 50.9874 54.1537 57.5139 61.0783 64.8574 68.8626 73.1058 77.5998 82.3581 87.3949 92.7255 98.3666 104.3355 110.6515 117.3348 124.4078 131.8946 139.8213 148.2166 157.1119 166.5415 176.5432 187.1584 198.4330 210.4174 223.1672 236.7436 251.2140 266.6526 283.1400 300.7643 319.6204 339.8092 361.4371 384.6133 409.4470 436.0421 464.4912 494.8667 527.2098 561.5179 597.7312 635.7191 675.2712 716.0934 757.8137 800.0000 
10.0000 9.9087 9.8174 9.7264 9.6356 9.5453 9.4554 9.3661 9.2774 9.1895 9.1024 9.0162 8.9311 8.8470 8.7641 8.6824 8.6019 8.5229 8.4452 8.3690 8.2944 8.2213 8.1498 8.0799 8.0118 7.9453 7.8806 7.8177 7.7565 7.6971 7.6395 7.5837 7.5297 7.4776 7.4272 7.3786 7.3318 7.2867 7.2433 7.2017 7.1618 7.1235 7.0869 7.0518 7.0183 6.9864 6.9559 6.9269 6.8993 6.8731 6.8482 6.8246 6.8023 6.7812 6.7612 6.7424 6.7247 6.7080 6.6923 6.6775 6.6637 6.6508 6.6388 6.6276 6.6171 6.6075 6.5985 6.5903 6.5827 6.5758 6.5696 6.5639 6.5589 6.5545 6.5507 6.5474 6.5448 6.5428 6.5414 6.5406 6.5404 6.5410 6.5423 6.5443 6.5472 6.5509 6.5556 6.5613 6.5681 6.5762 6.5855 6.5964 6.6089 6.6231 6.6393 6.6577 6.6785 6.7018 6.7282 6.7577 6.7907 6.8277 6.8689 6.9149 6.9660 7.0229 7.0860 7.1560 7.2336 7.3194 7.4142 7.5188 7.6342 7.7613 7.9012 8.0550 8.2239 8.4092 8.6123 8.8347 9.0779 9.3437 9.6338 9.9503 10.2951 10.6704 11.0785 11.5219 12.0032 12.5252 13.0906 13.7027 14.3645 15.0796 15.8515 16.6839 17.5809 18.5465 19.5852 20.7015 21.9001 23.1861 24.5646 26.0412 27.6216 29.3117 31.1177 33.0461 35.1037 37.2975 39.6350 42.1238 44.7720 47.5879 50.5804 53.7586 57.1321 60.7111 64.5061 68.5283 72.7894 77.3018 82.0786 87.1337 92.4818 98.1385 104.1207 110.4462 117.1341 124.2053 131.6817 139.5877 147.9490 156.7941 166.1535 176.0609 186.5525 197.6683 209.4519 221.9508 235.2168 249.3067 264.2819 280.2092 297.1602 315.2117 334.4451 354.9449 376.7983 400.0915 424.9077 451.3221 479.3964 509.1711 540.6580 573.8298 608.6121 644.8739 682.4235 721.0072 760.3165 800.0000 
10.0000 9.9026 9.8054 9.7083 9.6115 9.5152 9.4194 9.3241 9.2296 9.1359 9.0431 8.9512 8.8604 8.7708 8.6824 8.5953 8.5095 8.4252 8.3424 8.2612 8.1816 8.1037 8.0274 7.9530 7.8803 7.8095 7.7405 7.6734 7.6082 7.5448 7.4834 7.4240 7.3664 7.3108 7.2571 7.2053 7.1554 7.1073 7.0611 7.0167 6.9741 6.9333 6.8943 6.8569 6.8212 6.7871 6.7547 6.7237 6.6943 6.6664 6.6399 6.6147 6.5909 6.5684 6.5471 6.5270 6.5081 6.4903 6.4736 6.4579 6.4432 6.4294 6.4166 6.4046 6.3935 6.3832 6.3736 6.3649 6.3568 6.3494 6.3428 6.3368 6.3314 6.3267 6.3226 6.3192 6.3164 6.3142 6.3127 6.3118 6.3117 6.3123 6.3137 6.3158 6.3189 6.3228 6.3278 6.3339 6.3412 6.3497 6.3597 6.3713 6.3846 6.3997 6.4170 6.4366 6.4587 6.4836 6.5116 6.5431 6.5783 6.6176 6.6615 6.7105 6.7650 6.8255 6.8927 6.9673 7.0498 7.1412 7.2421 7.3536 7.4764 7.6118 7.7607 7.9244 8.1042 8.3015 8.5177 8.7543 9.0132 9.2961 9.6049 9.9416 10.3085 10.7079 11.1422 11.6140 12.1260 12.6812 13.2827 13.9337 14.6377 15.3982 16.2190 17.1041 18.0578 19.0844 20.1885 21.3749 22.6487 24.0152 25.4799 27.0486 28.7272 30.5221 32.4398 34.4871 36.6712 38.9994 41.4795 44.1196 46.9281 49.9137 53.0857 56.4535 60.0272 63.8173 67.8347 72.0909 76.5981 81.3689 86.4168 91.7560 97.4014 103.3690 109.6757 116.3395 123.3797 130.8168 138.6730 146.9719 155.7393 165.0025 174.7916 185.1387 196.0787 207.6495 219.8920 232.8506 246.5732 261.1115 276.5210 292.8610 310.1942 328.5869 348.1077 368.8264 390.8127 414.1338 438.8511 465.0169 492.6687 521.8242 552.4744 584.5776 618.0521 652.7721 688.5647 725.2113 762.4529 800.0000 
10.0000 9.8967 9.7935 9.6905 9.5878 9.4856 9.3839 9.2829 9.1826 9.0832 8.9847 8.8872 8.7909 8.6958 8.6019 8.5095 8.4185 8.3291 8.2413 8.1551 8.0706 7.9879 7.9071 7.8280 7.7509 7.6758 7.6026 7.5314 7.4622 7.3950 7.3299 7.2668 7.2057 7.1467 7.0897 7.0347 6.9817 6.9307 6.8817 6.8346 6.7895 6.7462 6.7047 6.6651 6.6272 6.5910 6.5566 6.5238 6.4926 6.4629 6.4348 6.4081 6.3828 6.3589 6.3364 6.3151 6.2950 6.2761 6.2584 6.2417 6.2261 6.2115 6.1979 6.1852 6.1734 6.1624 6.1523 6.1430 6.1344 6.1266 6.1196 6.1132 6.1075 6.1025 6.0982 6.0945 6.0915 6.0892 6.0876 6.0867 6.0866 6.0872 6.0886 6.0909 6.0942 6.0984 6.1037 6.1101 6.1178 6.1269 6.1375 6.1497 6.1638 6.1799 6.1982 6.2189 6.2424 6.2688 6.2985 6.3318 6.3691 6.4108 6.4574 6.5092 6.5670 6.6311 6.7024 6.7814 6.8689 6.9657 7.0726 7.1907 7.3209 7.4643 7.6221 7.7955 7.9860 8.1949 8.4239 8.6746 8.9488 9.2484 9.5755 9.9321 10.3206 10.7435 11.2033 11.7028 12.2449 12.8327 13.4694 14.1585 14.9035 15.7083 16.5769 17.5135 18.5225 19.6085 20.7764 22.0312 23.3783 24.8232 26.3717 28.0300 29.8041 31.7009 33.7271 35.8898 38.1966 40.6551 43.2735 46.0601 49.0237 52.1734 55.5187 59.0695 62.8362 66.8295 71.0608 75.5419 80.2850 85.3034 90.6105 96.2209 102.1497 108.4128 115.0274 122.0114 129.3839 137.1655 145.3777 154.0440 163.1893 172.8402 183.0254 193.7758 205.1245 217.1070 229.7614 243.1289 257.2531 272.1806 287.9609 304.6462 322.2908 340.9509 360.6836 381.5455 403.5916 426.8727 451.4324 477.3048 504.5093 533.0470 562.8951 594.0031 626.2878 659.6307 693.8770 728.8372 764.2920 800.0000 
10.0000 9.8908 9.7818 9.6730 9.5645 9.4565 9.3491 9.2423 9.1364 9.0313 8.9272 8.8243 8.7225 8.6220 8.5229 8.4252 8.3291 8.2346 8.1418 8.0507 7.9615 7.8741 7.7887 7.7052 7.6237 7.5443 7.4670 7.3918 7.3186 7.2477 7.1788 7.1122 7.0477 6.9853 6.9251 6.8670 6.8110 6.7572 6.7054 6.6556 6.6079 6.5621 6.5183 6.4765 6.4364 6.3983 6.3618 6.3272 6.2942 6.2629 6.2331 6.2050 6.1783 6.1530 6.1292 6.1067 6.0855 6.0655 6.0467 6.0292 6.0127 5.9972 5.9828 5.9694 5.9570 5.9454 5.9347 5.9249 5.9158 5.9076 5.9001 5.8934 5.8874 5.8821 5.8775 5.8736 5.8705 5.8680 5.8663 5.8654 5.8652 5.8659 5.8674 5.8698 5.8732 5.8777 5.8833 5.8901 5.8982 5.9078 5.9189 5.9319 5.9467 5.9637 5.9830 6.0049 6.0297 6.0575 6.0889 6.1240 6.1634 6.2074 6.2565 6.3113 6.3722 6.4399 6.5151 6.5985 6.6908 6.7929 6.9057 7.0303 7.1676 7.3189 7.4854 7.6683 7.8693 8.0896 8.3312 8.5956 8.8848 9.2007 9.5456 9.9216 10.3313 10.7771 11.2619 11.7885 12.3599 12.9795 13.6506 14.3767 15.1618 16.0099 16.9250 17.9117 18.9745 20.1184 21.3483 22.6697 24.0881 25.6092 27.2392 28.9844 30.8514 32.8469 34.9783 37.2530 39.6786 42.2632 45.0153 47.9435 51.0569 54.3648 57.8773 61.6043 65.5566 69.7452 74.1818 78.8783 83.8474 89.1022 94.6568 100.5254 106.7234 113.2668 120.1727 127.4589 135.1443 143.2490 151.7943 160.8029 170.2989 180.3079 190.8573 201.9763 213.6960 226.0496 239.0724 252.8017 267.2772 282.5404 298.6352 315.6067 333.5013 352.3663 372.2483 393.1926 415.2412 438.4313 462.7926 488.3446 515.0933 543.0277 572.1164 602.3042 633.5090 665.6210 698.5017 731.9861 765.8868 800.0000 
10.0000 9.8851 9.7703 9.6558 9.5416 9.4280 9.3149 9.2025 9.0910 8.9804 8.8708 8.7625 8.6553 8.5495 8.4452 8.3424 8.2413 8.1418 8.0441 7.9483 7.8543 7.7624 7.6724 7.5846 7.4988 7.4152 7.3338 7.2546 7.1777 7.1030 7.0305 6.9604 6.8924 6.8268 6.7634 6.7023 6.6434 6.5867 6.5322 6.4798 6.4296 6.3814 6.3353 6.2912 6.2491 6.2089 6.1706 6.1341 6.0994 6.0664 6.0351 6.0054 5.9773 5.9508 5.9257 5.9020 5.8797 5.8587 5.8389 5.8204 5.8030 5.7868 5.7717 5.7575 5.7444 5.7322 5.7210 5.7106 5.7011 5.6924 5.6846 5.6775 5.6711 5.6656 5.6608 5.6567 5.6534 5.6508 5.6490 5.6480 5.6479 5.6485 5.6501 5.6527 5.6563 5.6609 5.6668 5.6739 5.6825 5.6926 5.7043 5.7179 5.7335 5.7514 5.7717 5.7947 5.8207 5.8500 5.8830 5.9199 5.9613 6.0076 6.0592 6.1168 6.1808 6.2520 6.3310 6.4186 6.5157 6.6230 6.7416 6.8725 7.0168 7.1758 7.3507 7.5430 7.7541 7.9857 8.2395 8.5173 8.8210 9.1530 9.5152 9.9102 10.3405 10.8088 11.3179 11.8708 12.4709 13.1214 13.8259 14.5883 15.4124 16.3025 17.2629 18.2983 19.4135 20.6136 21.9039 23.2899 24.7775 26.3726 28.0816 29.9111 31.8680 33.9593 36.1926 38.5754 41.1159 43.8224 46.7035 49.7683 53.0261 56.4865 60.1597 64.0561 68.1866 72.5625 77.1956 82.0982 87.2830 92.7634 98.5532 104.6672 111.1205 117.9292 125.1100 132.6807 140.6598 149.0670 157.9229 167.2496 177.0700 187.4088 198.2919 209.7467 221.8022 234.4892 247.8398 261.8881 276.6693 292.2206 308.5798 325.7860 343.8783 362.8956 382.8755 403.8534 425.8606 448.9229 473.0588 498.2767 524.5724 551.9266 580.3026 609.6431 639.8694 670.8799 702.5507 734.7373 767.2784 800.0000 
10.0000 9.8795 9.7591 9.6389 9.5192 9.3999 9.2813 9.1634 9.0464 8.9304 8.8155 8.7018 8.5894 8.4785 8.3690 8.2612 8.1551 8.0507 7.9483 7.8477 7.7492 7.6527 7.5584 7.4662 7.3763 7.2886 7.2032 7.1201 7.0394 6.9610 6.8850 6.8114 6.7402 6.6713 6.6048 6.5407 6.4789 6.4194 6.3622 6.3073 6.2546 6.2041 6.1557 6.1095 6.0653 6.0231 5.9829 5.9447 5.9082 5.8737 5.8408 5.8097 5.7802 5.7524 5.7260 5.7012 5.6778 5.6557 5.6350 5.6156 5.5974 5.5804 5.5645 5.5496 5.5359 5.5231 5.5113 5.5004 5.4905 5.4814 5.4731 5.4657 5.4590 5.4532 5.4481 5.4439 5.4404 5.4377 5.4358 5.4348 5.4346 5.4353 5.4369 5.4396 5.4434 5.4483 5.4544 5.4619 5.4708 5.4814 5.4937 5.5080 5.5243 5.5430 5.5643 5.5884 5.6157 5.6464 5.6809 5.7196 5.7630 5.8115 5.8656 5.9259 5.9929 6.0675 6.1503 6.2421 6.3437 6.4561 6.5803 6.7174 6.8686 7.0351 7.2183 7.4196 7.6407 7.8832 8.1489 8.4397 8.7577 9.1052 9.4844 9.8979 10.3482 10.8383 11.3711 11.9498 12.5776 13.2583 13.9954 14.7929 15.6549 16.5859 17.5903 18.6731 19.8392 21.0938 22.4427 23.8913 25.4460 27.1128 28.8983 30.8095 32.8533 35.0372 37.3689 39.8562 42.5076 45.3316 48.3371 51.5334 54.9301 58.5370 62.3645 66.4234 70.7246 75.2797 80.1007 85.1999 90.5903 96.2852 102.2987 108.6453 115.3401 122.3991 129.8389 137.6767 145.9308 154.6203 163.7652 173.3866 183.5065 194.1482 205.3362 217.0959 229.4544 242.4397 256.0812 270.4094 285.4557 301.2524 317.8325 335.2288 353.4742 372.6001 392.6362 413.6094 435.5419 458.4507 482.3448 507.2243 533.0777 559.8801 587.5914 616.1544 645.4943 675.5175 706.1131 737.1539 768.4995 800.0000 
10.0000 9.8740 9.7480 9.6224 9.4972 9.3724 9.2484 9.1251 9.0028 8.8814 8.7613 8.6424 8.5249 8.4088 8.2944 8.1816 8.0706 7.9615 7.8543 7.7492 7.6461 7.5453 7.4466 7.3502 7.2561 7.1644 7.0751 6.9883 6.9038 6.8219 6.7424 6.6654 6.5909 6.5189 6.4494 6.3823 6.3177 6.2555 6.1957 6.1383 6.0831 6.0303 5.9797 5.9314 5.8852 5.8411 5.7990 5.7590 5.7209 5.6847 5.6504 5.6179 5.5870 5.5579 5.5304 5.5044 5.4799 5.4568 5.4352 5.4149 5.3958 5.3780 5.3614 5.3459 5.3315 5.3182 5.3058 5.2944 5.2840 5.2745 5.2658 5.2581 5.2511 5.2450 5.2397 5.2353 5.2316 5.2288 5.2268 5.2257 5.2255 5.2263 5.2280 5.2308 5.2347 5.2398 5.2462 5.2540 5.2634 5.2744 5.2873 5.3022 5.3193 5.3388 5.3610 5.3862 5.4147 5.4468 5.4828 5.5233 5.5686 5.6192 5.6757 5.7386 5.8087 5.8866 5.9730 6.0689 6.1750 6.2924 6.4221 6.5652 6.7230 6.8968 7.0881 7.2983 7.5290 7.7821 8.0594 8.3630 8.6949 9.0575 9.4532 9.8846 10.3545 10.8658 11.4216 12.0253 12.6802 13.3901 14.1588 14.9904 15.8893 16.8600 17.9071 19.0358 20.2511 21.5587 22.9642 24.4736 26.0931 27.8293 29.6889 31.6789 33.8067 36.0800 38.5066 41.0947 43.8529 46.7901 49.9152 53.2379 56.7679 60.5154 64.4909 68.7053 73.1698 77.8960 82.8962 88.1827 93.7686 99.6672 105.8926 112.4591 119.3820 126.6767 134.3597 142.4479 150.9590 159.9114 169.3245 179.2183 189.6139 200.5331 211.9988 224.0348 236.6658 249.9174 263.8160 278.3889 293.6636 309.6684 326.4311 343.9796 362.3404 381.5388 401.5977 422.5364 444.3701 467.1078 490.7521 515.2961 540.7232 567.0046 594.0989 621.9498 650.4866 679.6238 709.2611 739.2863 769.5760 800.0000 
10.0000 9.8686 9.7372 9.6062 9.4756 9.3456 9.2162 9.0876 8.9600 8.8335 8.7082 8.5842 8.4616 8.3406 8.2213 8.1037 7.9879 7.8741 7.7624 7.6527 7.5453 7.4400 7.3372 7.2366 7.1385 7.0429 6.9498 6.8592 6.7711 6.6857 6.6028 6.5225 6.4448 6.3697 6.2972 6.2273 6.1599 6.0950 6.0326 5.9727 5.9153 5.8602 5.8074 5.7570 5.7088 5.6628 5.6190 5.5772 5.5375 5.4998 5.4640 5.4301 5.3979 5.3675 5.3388 5.3117 5.2862 5.2621 5.2395 5.2184 5.1985 5.1799 5.1626 5.1464 5.1314 5.1175 5.1046 5.0928 5.0819 5.0720 5.0629 5.0548 5.0476 5.0412 5.0357 5.0310 5.0272 5.0243 5.0222 5.0211 5.0209 5.0217 5.0235 5.0264 5.0304 5.0357 5.0424 5.0506 5.0603 5.0718 5.0852 5.1007 5.1185 5.1388 5.1620 5.1882 5.2179 5.2513 5.2888 5.3310 5.3781 5.4309 5.4897 5.5553 5.6282 5.7093 5.7993 5.8991 6.0096 6.1318 6.2669 6.4159 6.5802 6.7611 6.9602 7.1790 7.4191 7.6826 7.9712 8.2871 8.6325 9.0098 9.4216 9.8704 10.3593 10.8912 11.4694 12.0973 12.7784 13.5167 14.3161 15.1808 16.1154 17.1245 18.2130 19.3861 20.6493 22.0080 23.4683 25.0364 26.7187 28.5218 30.4528 32.5189 34.7278 37.0872 39.6052 42.2903 45.1513 48.1971 51.4372 54.8811 58.5390 62.4211 66.5381 70.9011 75.5214 80.4108 85.5816 91.0461 96.8176 102.9092 109.3350 116.1092 123.2468 130.7631 138.6742 146.9964 155.7470 164.9438 174.6052 184.7503 195.3990 206.5719 218.2901 230.5756 243.4511 256.9395 271.0648 285.8508 301.3217 317.5015 334.4140 352.0819 370.5268 389.7683 409.8232 430.7050 452.4225 474.9790 498.3711 522.5875 547.6074 573.4001 599.9233 627.1229 654.9323 683.2725 712.0538 741.1754 770.5289 800.0000 
10.0000 9.8633 9.7267 9.5904 9.4545 9.3192 9.1847 9.0510 8.9182 8.7866 8.6563 8.5273 8.3998 8.2739 8.1498 8.0274 7.9071 7.7887 7.6724 7.5584 7.4466 7.3372 7.2301 7.1256 7.0235 6.9241 6.8272 6.7329 6.6414 6.5525 6.4663 6.3827 6.3019 6.2238 6.1484 6.0756 6.0055 5.9381 5.8732 5.8109 5.7511 5.6938 5.6389 5.5865 5.5363 5.4885 5.4429 5.3995 5.3582 5.3189 5.2817 5.2464 5.2129 5.1813 5.1514 5.1233 5.0967 5.0717 5.0482 5.0262 5.0055 4.9862 4.9682 4.9514 4.9357 4.9213 4.9079 4.8955 4.8842 4.8739 4.8645 4.8561 4.8485 4.8419 4.8362 4.8313 4.8274 4.8243 4.8222 4.8210 4.8207 4.8215 4.8234 4.8264 4.8306 4.8362 4.8431 4.8516 4.8617 4.8736 4.8875 4.9036 4.9221 4.9433 4.9673 4.9946 5.0254 5.0601 5.0991 5.1428 5.1918 5.2466 5.3077 5.3758 5.4516 5.5358 5.6293 5.7329 5.8477 5.9746 6.1148 6.2696 6.4402 6.6280 6.8347 7.0618 7.3112 7.5846 7.8842 8.2121 8.5706 8.9622 9.3895 9.8553 10.3626 10.9145 11.5144 12.1658 12.8724 13.6381 14.4672 15.3640 16.3332 17.3794 18.5080 19.7241 21.0333 22.4415 23.9548 25.5795 27.3223 29.1900 31.1899 33.3293 35.6162 38.0584 40.6643 43.4427 46.4023 49.5524 52.9026 56.4627 60.2429 64.2536 68.5058 73.0106 77.7794 82.8241 88.1569 93.7904 99.7375 106.0117 112.6267 119.5966 126.9361 134.6603 142.7846 151.3253 160.2988 169.7222 179.6130 189.9894 200.8701 212.2743 224.2214 236.7319 249.8260 263.5248 277.8490 292.8199 308.4583 324.7846 341.8184 359.5783 378.0813 397.3419 417.3721 438.1801 459.7699 482.1398 505.2822 529.1820 553.8162 579.1522 605.1484 631.7526 658.9023 686.5253 714.5395 742.8552 771.3758 800.0000 
10.0000 9.8581 9.7164 9.5749 9.4339 9.2936 9.1539 9.0151 8.8774 8.7408 8.6055 8.4717 8.3394 8.2088 8.0799 7.9530 7.8280 7.7052 7.5846 7.4662 7.3502 7.2366 7.1256 7.0171 6.9112 6.8079 6.7074 6.6096 6.5146 6.4223 6.3329 6.2462 6.1623 6.0813 6.0030 5.9275 5.8548 5.7847 5.7174 5.6527 5.5907 5.5312 5.4743 5.4199 5.3678 5.3182 5.2709 5.2258 5.1830 5.1422 5.1036 5.0669 5.0322 4.9994 4.9684 4.9392 4.9116 4.8857 4.8613 4.8384 4.8170 4.7969 4.7782 4.7608 4.7446 4.7295 4.7157 4.7029 4.6911 4.6804 4.6707 4.6619 4.6541 4.6472 4.6412 4.6362 4.6321 4.6289 4.6267 4.6254 4.6252 4.6260 4.6280 4.6311 4.6355 4.6412 4.6484 4.6571 4.6676 4.6800 4.6944 4.7111 4.7303 4.7522 4.7771 4.8053 4.8373 4.8732 4.9137 4.9590 5.0098 5.0665 5.1299 5.2004 5.2789 5.3662 5.4631 5.5704 5.6893 5.8208 5.9660 6.1263 6.3031 6.4977 6.7117 6.9470 7.2052 7.4884 7.7986 8.1381 8.5093 8.9148 9.3572 9.8394 10.3645 10.9358 11.5566 12.2307 12.9619 13.7543 14.6121 15.5399 16.5425 17.6247 18.7919 20.0494 21.4032 22.8591 24.4234 26.1027 27.9038 29.8337 31.8999 34.1098 36.4716 38.9935 41.6838 44.5515 47.6057 50.8557 54.3113 57.9825 61.8795 66.0131 70.3941 75.0338 79.9438 85.1360 90.6226 96.4161 102.5294 108.9759 115.7691 122.9230 130.4520 138.3708 146.6944 155.4385 164.6189 174.2520 184.3544 194.9433 206.0362 217.6508 229.8053 242.5179 255.8074 269.6921 284.1908 299.3215 315.1022 331.5500 348.6809 366.5096 385.0491 404.3098 424.2993 445.0216 466.4765 488.6586 511.5568 535.1536 559.4240 584.3350 609.8455 635.9056 662.4571 689.4330 716.7589 744.3536 772.1307 800.0000 
10.0000 9.8531 9.7063 9.5598 9.4138 9.2685 9.1239 8.9802 8.8375 8.6961 8.5560 8.4174 8.2804 8.1452 8.0118 7.8803 7.7509 7.6237 7.4988 7.3763 7.2561 7.1385 7.0235 6.9112 6.8015 6.6946 6.5905 6.4893 6.3908 6.2953 6.2027 6.1129 6.0261 5.9422 5.8611 5.7829 5.7076 5.6351 5.5654 5.4984 5.4342 5.3726 5.3137 5.2573 5.2034 5.1520 5.1030 5.0563 5.0120 4.9698 4.9298 4.8918 4.8559 4.8219 4.7898 4.7595 4.7310 4.7041 4.6789 4.6552 4.6330 4.6122 4.5929 4.5748 4.5580 4.5425 4.5281 4.5148 4.5026 4.4915 4.4815 4.4724 4.4643 4.4572 4.4510 4.4458 4.4415 4.4382 4.4359 4.4346 4.4344 4.4352 4.4372 4.4404 4.4450 4.4509 4.4583 4.4674 4.4782 4.4910 4.5059 4.5232 4.5430 4.5657 4.5914 4.6206 4.6537 4.6908 4.7326 4.7795 4.8320 4.8907 4.9562 5.0291 5.1103 5.2005 5.3007 5.4117 5.5345 5.6705 5.8206 5.9863 6.1689 6.3700 6.5913 6.8344 7.1012 7.3938 7.7144 8.0652 8.4487 8.8675 9.3245 9.8226 10.3649 10.9549 11.5961 12.2922 13.0472 13.8652 14.7508 15.7085 16.7433 17.8602 19.0646 20.3622 21.7589 23.2607 24.8742 26.6061 28.4632 30.4529 32.5827 34.8604 37.2942 39.8923 42.6636 45.6169 48.7616 52.1071 55.6634 59.4406 63.4491 67.6997 72.2033 76.9714 82.0154 87.3474 92.9795 98.9243 105.1946 111.8035 118.7643 126.0910 133.7974 141.8980 150.4074 159.3406 168.7128 178.5396 188.8369 199.6206 210.9071 222.7130 235.0546 247.9489 261.4122 275.4613 290.1121 305.3806 321.2815 337.8293 355.0366 372.9148 391.4733 410.7189 430.6557 451.2841 472.6004 494.5965 517.2585 540.5669 564.4958 589.0121 614.0757 639.6392 665.6474 692.0391 718.7456 745.6938 772.8057 800.0000 
10.0000 9.8482 9.6965 9.5451 9.3943 9.2440 9.0946 8.9461 8.7987 8.6525 8.5078 8.3645 8.2230 8.0832 7.9453 7.8095 7.6758 7.5443 7.4152 7.2886 7.1644 7.0429 6.9241 6.8079 6.6946 6.5842 6.4766 6.3719 6.2702 6.1715 6.0758 5.9830 5.8933 5.8066 5.7228 5.6420 5.5642 5.4892 5.4172 5.3480 5.2816 5.2180 5.1570 5.0988 5.0431 4.9900 4.9394 4.8911 4.8453 4.8017 4.7603 4.7211 4.6840 4.6489 4.6157 4.5844 4.5549 4.5271 4.5011 4.4766 4.4536 4.4322 4.4122 4.3935 4.3762 4.3601 4.3452 4.3315 4.3189 4.3074 4.2970 4.2877 4.2793 4.2719 4.2655 4.2601 4.2557 4.2523 4.2499 4.2486 4.2483 4.2492 4.2513 4.2546 4.2592 4.2654 4.2730 4.2824 4.2936 4.3068 4.3222 4.3400 4.3604 4.3838 4.4104 4.4405 4.4746 4.5130 4.5561 4.6045 4.6587 4.7192 4.7868 4.8621 4.9458 5.0389 5.1422 5.2567 5.3835 5.5237 5.6786 5.8495 6.0378 6.2453 6.4734 6.7241 6.9993 7.3010 7.6316 7.9933 8.3886 8.8204 9.2915 9.8050 10.3640 10.9720 11.6328 12.3501 13.1281 13.9709 14.8833 15.8698 16.9356 18.0859 19.3263 20.6624 22.1003 23.6463 25.3071 27.0894 29.0004 31.0475 33.2384 35.5811 38.0838 40.7550 43.6037 46.6389 49.8700 53.3068 56.9592 60.8374 64.9520 69.3139 73.9340 78.8238 83.9950 89.4593 95.2291 101.3166 107.7348 114.4964 121.6147 129.1032 136.9756 145.2458 153.9281 163.0368 172.5865 182.5920 193.0683 204.0304 215.4934 227.4726 239.9831 253.0400 266.6580 280.8517 295.6352 311.0216 327.0238 343.6529 360.9192 378.8308 397.3941 416.6130 436.4883 457.0176 478.1945 500.0084 522.4436 545.4793 569.0887 593.2394 617.8920 643.0016 668.5167 694.3798 720.5285 746.8956 773.4106 800.0000 
